100
6 7885573
4 73151
6 2046009
6 0000001
6 2538201
6 2011221
6 0000001
1 01
6 1542399
6 7000701
6 0000001
6 0000001
6 0000001
4 01111
6 1102201
6 0000001
6 8427968
6 3582265
2 049
6 2212121
6 0010001
5 021101
3 0001
2 001
3 0981
1 11
6 8265892
5 001101
6 2663613
5 400051
6 9080001
6 0000001
5 400011
1 01
1 11
2 121
6 3007001
6 0000041
6 7800001
3 2714
6 2012211
6 6790001
6 0000001
1 21
0 9
6 3006006
1 12
6 1120221
6 0090001
3 6021
6 0000001
6 9999999
6 0000001
6 9000001
2 502
4 02573
5 677271
6 2080301
6 7000201
5 110011
2 001
6 1600108
6 0008001
3 5871
5 120201
6 0000302
6 1720001
6 0000001
5 060001
6 1111111
4 06799
6 2020111
3 0041
3 7997
6 1210121
5 210101
4 11111
3 6462
6 0000001
6 0000001
6 1101001
1 09
3 0501
1 11
6 6867242
6 1298232
3 1222
6 0907035
3 2122
3 0808
2 001
6 0070031
0 1
6 2084015
0 1
6 1210121
6 4861994
6 0006601
6 2112021
6 5208901
